1000701198510206
1001501199611425
1000701200910160
1001501200311595
1001501199111265
1001501199613242
11198710183
1000701200810159
1001501199613040
1001501200712446
1001501199810509
1000701198010029
5196810002
1001501198310327
1001301200510026
1001501198811616
1001301200610019
1001501200611186
1001501198910126
1001501199210372
1001501198710397
1001501199412242
1001501200113277
1001501199911512
1001501200010009
1001501200211221
1000701200410331
1000701200510233
1001501200410456
1001501199814541
1001501200616266
1001501200412655
1001501197710069
1001501200513369
1001501198210127
1001501199311873
1001501198710197
1001501200213622
1001501199810855
1001301200610022
1000701200510142
1001501200714354
1000701200310321
1000701199810804
1000701200910399
1000701201110274
1001501199612317
1001501199711278
1001501199913212
1001501200013901
1001501198610087
1001501200510134
1000701199610351
1001501200612067
1001501200516334
1001501200211654
1001501199513193
1001501200412925
1001501200112747
1001501200613948
1001501200711651
1001501198810877
1001501199112137
1001501197410030
1001501199111312
1001501200510815
1001501200214227
9197810013
1001501200314506
1001501199010579
1001501198510013
1001501199112126
1001501200212973
1001501200214225
1000701197310019
1001501200613229
1001501200612397
1001501200714500
1001501200212028
1001501200112324
1000701199110315
1001501199512425
1001501200113797
1001501200113947
1000701200710100
1001501199511676
1001501199814636
1001501198910872
1001501199712905
1001501200413318
1001501198611153
1000701200110459
1001501199611172
1001501200614708
1000701200710229
1001501199712880
1000701199911311
1001501198310293
1001501200215163
1000701200310381
1001501198710298
1001501199911940
1000701200110740
1001501199812293
1000701201010614
1001501198710855
1001501200415966
1000701198910251
1001501200314198
1001501198910635
1001501199112493
1001501200510019
1001501199513447
1001501199110687
1000701201110343
1001501198510534
1000701200610070
1001501199112202
1001501199511955
1001501199813360
1001501199810577
1001501200314671
1001501200516458
1001501199311482
1001501199611756
1001501200214408
1001501200314644
1000701199510147
1001501197910055
1001501199512285
1001501199411606
1001501199110831
1001501199513427
1000701198010024
1001501200112728
1001501199310852
1001501198810255
1001501198810045
1001501198710918
1001501199010659
1000701199110074
5198610016
1001501200214900
1001501200714255
1000701199811139
1001501199511871
1001501199112004
1000701200810110
1001501200515021
1001501199812048
1001501200615250
1001501200215185
1000701200810239
1001501200510261
1001501199813021
1001501200110947
1001501200610315
1001501198611198
1001501198710206
1001501200312202
1001501198510464
1001501200415253
1001501198410725
1001501199310150
1001501198711315
1001501198110175
1001501200411783
1001501198410435
1001501200511087
1001501199814515
1001501199212754
1001501199210194
1001501200710729
1001501199210058
1001501200411414
1000701199910748
1001501200611913
1000701200610726
1001501198911015
1001501200311745
1000701199110241
1001501200515862
1001501200410739
1001501200616321
1000701199110175
1001501200011740
1001501199412430
1001501200212620
1001501198810180
1001501200310654
1000701199610635
1000701201210219
1001501200613353
1001501198811591
1001501199111647
1001501200515974
1001501198811931
1001501198811016
1000701198310147
1001501199311920
1001501200714185
5198010032
1001501200710984
1001501200515599
1001501198711518
1001501200510227
1001501199111890
1001501198910475
1001501199110886
1000701199910716
1001501199111471
1001501197810032
1001501199610290
1001501200513476
1001501200511590
1001501200412674
1001501199111006
1001501199711574
1001501198310626
1001501200711487
1001501200710254
1001501200513294
1001501200512450
1001501200613980
1000701199510444
1001501198911080
1001501199211431
1001501199811375
1001501199211560
1000701199310034
1000701199610357
1001501200514581
1001501200112285
1000701198810237
1000701199810363
1001501199714083
1001501200511678
1001501200013292
1001501200710524
1001501200511866
1001501199812061
1000701198810310
1001501198510758
1001501198710611
1000701199910755
1000701201110058
5198010029
1001501200715329
1001501199212134
1001501199411867
1001501200714828
1001501199211858
1001501200110966
1001501199412009
1000701199110096
1001501200614653
1001501199112668
1001501199913040
1001501199211257
1001501198410461
1001501199512650
1001501200616073
1001501200510182
1001501198811243
1001501199814003
1001501200615079
1001501199810620
1000701200910249
1001501199010628
1000701199911389
1001301200610022
1001501199011184
1001501199111536
1001501200211236
1001501199010998
1001501200111065
1000701201010047
1001501199511671
1000701199811044
1001501199310837
1001501198510629
1001501199412268
1001501200314699
1000701200011931
1001501200615955
1000701198710055
1001501198711712
1000701199811876
1001501200012253
1001501200812404
1001501198910889
1001501198810554
1001501198811363
1001501199010618
11198610032
1001501200314898
1001501200711265
1000701199310216
1001501199411107
1001501199111807
1001501199813411
5196010004
1000701199310153
1001501199512873
1000701201210094
1001501199711385
1001501199311656
1001501199111668
1001501200611200
1001501198611227
1001501200411334
1001501200710174
1000701200111148
1001501200615004
1000701200011711
1000701198710084
1001501199410943
1001501200312484
1001501200710925
1000701199810142
1000701198610004
1000701200810105
9198710011
1000701198710426
1001501200711924
1001501200610672
1001501198711310
1001501200310519
1001501200310618
1001501199812523
1001501200214382
1000701200610578
1000701199811262
1001501199712966
1001501199812189
1001501198310133
1001501200310454
1000701200011157
1001501200613154
1001501199610177
1001501199814319
1001501200111812
1000701200110925
1001501200211334
1001501200712930
1001501199912906
1001501199210817
1001501198810380
1001501200214345
1000701200810375
1001501199814451
1001501199713792
1001501200513150
1001501199613319
1001501200213258
1001501198410429
1001501200510454
1001501198710771
1001301201110001
1000701199710517
1001501199810207
1001501200411325
1000701200011778
1001501199811423
1001501200412366
1001501199010017
1000701199510351
1001501199411653
1001501200413826
1001501200313948
1001501198310317
1000701198810103
1000701198910260
1000701199110255
1000701199310016
1000701199810998
1001501198510355
1001501200512271
5197210001
1001501199911528
1001501200511616
1001501200711400
1000701201010716
1001501200510002
1001501199713729
11198710101
1001501198310211
1000701199810869
1001501198310963
1001501200713315
1000701199310086
1001501198910483
1001501200515450
1000701200710021
1001501199911267
1000701197810042
1001501199613083
1001501200212784
1001501200715157
1000701201210155
1001501199410198
1001501199910806
1000701199910838
1001501200411641
1001501199410669
1001501199611274
1000701200610345
1001501200613113
1001501199711787
1000701200210446
1001501198710551
1001501200111956
1001501200310589
1000701200011334
1000701199510494
1001501199110896
1001501199211461
1000701200011728
1001501198310507
8197610003
1001501199710746
1001501200410123
1001501200214740
1000701199810521
1001501198610637
1000701200710264
1001501200610662
1001501200710378
1001501200212031
1001501199512726
1001501200611600
1001501199611211
1000701200011504
1001501200313326
1001501200516650
1001501200012510
1000701199710473
1001501200013650
1001501199512849
1001501199412196
1001501200114290
1001501199611813
1001501200314612
1001501198610560
1001501199912726
1001501199211867
1000701201110517
1001501200314731
1000701199510487
1001501200511658
1000701200010860
1001501200412992
1000701199410251
1001501199511039
1000701199510498
1001501199212136
1001501200511895
1001501199410656
1000701198510166
1001501199712226
1000701199210095
1001301200610022
1001501198811671
1001501200613552
1001501200213708
1001501200214357
1001501200013893
1001501198410820
1001501200215489
1001501200714457
6198810007
1001501199713040
1001501198710148
1000701199911074
1001501200012173
1001501198710101
1001501199810926
1001501200513104
1001501200611373
1001501199611404
1001501199310207
1001501200414986
1001501199011223
1001501199412169
1001501200511647
1000701201010054
1001501199513223
1000701199810625
1000701201110121
1001501199311400
1001501200713791
1001501199811288
1001501199412418
1001501200512918
1000701198910257
1000701201110635
1001501200513215
1001501200511830
1001501200212308
1001501200212605
1001501200514103
10198810018
1001501198711415
1001501198710506
1000701199310029
1001501200314739
1001501198710507
1001501200510147
5198810026
1001501200812033
1001501200413174
1001501200514452
1001501197610153
1001501200713211
1001501200412489
1000701199510400
1001501200510390
1001501200810413
1001501200411326
1001501199712289
1001501200710948
1001501200111732
1001501200711996
1001501200411482
1001501199814184
1001501199110277
1001501199610789
1001501199814333
1001501200611365
1001501200112398
1001501199010384
6198410003
1001501199411781
1001501200012042
1001501199713394
1001501200612074
1001501199110125
1001501200515811
1000701199811273
1000701200610241
1001301195510003
1000701198810071
1000701199110146
1000701201210094
1001501200314629
1001501200012251
1001501198510425
1000701201010701
1001501198710139
1001501199811028
1000701201210136
1001501199511529
1001501200710095
1001501200013937
1000701200410333
1001501200415549
1000703201110008
1000701200910193
1001501199510652
1001501199810232
1000701201110758
1001501199011142
1001501199811716
1001501200610695
1001501199912528
1001501199110221
9198110023
1001501200313503
1001501198410162
1001501200314158
1001501199311718
1000701200011695
1000701199110089
1001501199110662
1001501199510531
1001501199812223
1000701200111252
1001501200312529
1001501199712354
1001501199610192
1000701201110627
1001501200710736
1001501200510224
1001501200516398
1001501199111054
1001501200413820
1001501200714731
1001501200510343
1001501199311980
1001501198310075
1001501199411629
1001501199211192
1001501200611339
1001501200510709
1001501199611089
1001501200713949
1001501199311180
1001501200314584
1001501198911390
1001501200311900
1000701199910998
1000701201210232
1001501198310361
1001501200012023
1001501200013587
1001501200113481
1001501200112609
1001501198810105
1001501200013268
1001501199310597
1001501199911300
1001501199910874
1000701199911254
1000701198710583
1000701201110003
1000701199910626
1000701200510368
1001501197910436
1001501200612226
1001501199814976
1001501200310304
1001501198811729
1001501199610906
1001501200714552
1001501200211311
1000701201110489
1000701199710812
1001501200611706
1001501200614782
1000701200710507
1001501199713402
1001501200715117
1001501199210668
1001501200611751
1001501200412288
1001501200113908
1000701200010772
1001501200713736
1001501199812611
1001501200516087
1001501200510500
1000701197910078
1000701201110251
1000701200310035
1001501200415140
1000701199310193
1001501198810851
1001501199111980
1001501200113792
1000701199910565
1000701200610003
1001501200415229
1001501200312992
11198510030
1000701201010306
1001501199710879
1001501199811780
11198410017
1000701199810031
1000701199910231
1001501198610991
1001501200512434
1001501199412437
1001501198310782
1000701199910314
1001501200612563
1000701200310421
1001501198711037
1001501199612438
1001501200411452
1001501198510280
1001501199112584
1001501200312872
1001501199710375
1001501200710663
1000701200210197
1001501200313376
1001501198611128
1001501199912429
1001501200512619
1001501198010138
1001501200713480
1001501200012539
1001501199511536
1001501198511140
1001501199210785
1000701198310071
1001501199111859
1001501199712374
1001501199510361
1001501200710515
1001501199511111
1001501198310181
1001501200314778
1001501199813929
1001501200414546
1001501199813478
1001501200513862
1001501199911948
1001501200512676
1001501199710829
1001501198310889
1001501200614593
1001501198710406
1001501200214659
1001501199512681
1000701199911140
1001501200512559
1001501198710530
1001501198810086
1001501200714969
1001501200013470
1001501199713713
1001501199212257
1001501199811293
1001501199410557
1000701201010545
1001501200311191
1001501200412767
1001501199411114
1001501200414276
1000701199810506
1001501199212418
1001501200612265
1001501199913483
1000701199811233
1000701200610501
1001501199910555
1001501200412748
1001501199810749
1001501200413828
1000701200111361
1000701199911617
1000701199911101
1001501200312771
1000701198610379
1001501199110954
1001501200214810
1001501200212340
1001501198310711
1001501200112708
1001501200011594
1001501200212234
1001501200410674
1001501198910724
1001501200414720
9198710003
1001501200510634
1000701200710043
1001501199912926
1001501199812295
1001501200211337
1001501200613197
1001501197810156
1001501198710520
1001501197910314
1001501199611766
1001501200111626
1001501200613350
1001501200510303
9198810006
1001501200111293
1001501199311601
1000701201110958
1001501199112638
1001501200011840
1000701200011474
1001501200310449
1001501199311597
1001501199111768
1001501199211358
1001501200710489
1001501200010061
1001501199212459
1001501198410145
1001501198811303
1001501198511127
1001501200615214
1001501199812010
1000701199510061
1001501200214062
1001501199811876
1001501200214989
1001501199812075
1001501200215476
1001501199710797
1001501199912514
1001501200112381
1001501199712473
1000701200011906
1001501200412592
1000701199410085
1001501198010082
1000701199710269
11198610087
1000701201010203
1001501200214257
1000701200710673
1001501199311660
1000701200111016
1001501200513241
1001501200510788
1001501200013842
1001501199711949
1001501198410065
1001501199612129
1001501200012302
1001501199813181
1001501200313975
1001501199310888
1001501199110543
1001501199112109
1001501198410097
1001501199110570
1001501200510077
1000701200011203
1001501198910624
1000701200310401
1001501199212307
1001501200215089
1001501200511810
1001501199111671
1001501199310617
8198510004
1001501199210319
1001501198811405
1001501200610661
1001501199611081
1001501199212715
11198810160
1001501200713127
1001501200310891
1000701200510295
1001501198910118
1000701199812117
10198010007
1001501198711956
1000701200810242
1000701200011306
1001501200212109
1001501199810687
1001501198710893
1001501199112320
9198410025
1001501199310415
1000701200610562
1001501199412436
1000701199610227
1000701200210253
1001501200211834
1001501199212463
1001501199712415
1000701199610127
1001501199611481
1001501200712870
1001501200614364
1001501200711779
1000701198910043
1001501200511551
1000701199110163
1000701199010153
1001501198810328
1001501200012472
1001501199613301
1000701199210214
1001501200415068
1001501200414666
1001501200714310
1000701198210042
1001501200214030
1001501200511983
1001501199212647
1000701200110517
1001501199112282
1001501200211581
1001501199912605
1001501198510698
1001501200713994
1001501199010749
1001501200713381
1000701199811547
1001501200714360
1001501200213685
1001501200611150
1001501199311478
1001501200812078
1001501198911112
1001501198511157
1001501200311149
1001501198510740
1001501200110964
1001501200512350
1001501200013782
1001501198910279
1001501199814443
1001501199112656
1000701197210017
1001501200412866
1001501198210268
1001501200614410
1001501198710525
1001501199713214
1001501199310635
1001501198310820
1001501200515620
1001501199613326
1001501199210511
1000701198310090
1000701200610546
1001501200114228
1001501200413860
1001501199613263
1000701198710417
1001501198310656
1001501200211253
1000701200111163
1000701201110976
1001501200311853
1001501200414631
1001501198910084
1001501200610990
1000701199710911
1000701200710332
7192610001
1001501198410127
1001501200414396
1001501198811193
1001501200013861
1000701200910213
5197910017
1001501199412297
1001501199212539
1001501200310418
1000701199710567
1001501200411801
1000701200011046
1001501197610022
9197910007
1000701199710870
1001501200714986
1000701200111111
1001501199111045
1001501200411034
1001501200213129
1001501200611936
1001501200111008
1001501199513594
1001501200511958
1000703200810005
1001501198510033
1001501198810178
1001501200211544
1001501200514418
1000701200310424
1001501199711737
1000701200610643
1001501199110651
5198810039
1001501200511258
1001501200614265
1001501199612237
1001501199111618
1001501199112349
1001501199812136
1001501199210576
1001501198510810
1001501200615083
1001501199710198
1001501200715474
1001501200713660
1001501200113839
1000701199710715
1001501200313848
1001501200211633
1001501198810125
1001501200113270
1001501200013063
1000701199811628
1001501200410778
1001501199511709
1001501200615262
1001501200710259
1001501200311635
1001501200013332
1001501200012380
1001501200411701
1000701201010369
1001501200114098
1001501199612084
11198710110
1001501199511620
1001501200211631
1001501199310029
1001501200413689
1001501199810737
1000701201110641
1001501200411072
1001501199211350
1001501200411676
1001501199310329
1000701198510206
1001501199611425
1000701200910160
1001501200311595
1001501199111265
1001501199613242
11198710183
1000701200810159
1001501199613040
1001501200712446
1000701198510206
1001501199611425
1000701200910160
1001501200311595
1001501199111265
1001501199613242
11198710183
1000701200810159
1001501199613040
1001501200712446
1000701198510206
1001501199611425
1000701200910160
1001501200311595
1001501199111265
1001501199613242
11198710183
1000701200810159
1001501199613040
1001501200712446
1000701198510206
1001501199611425
1000701200910160
1001501200311595
1001501199111265
1001501199613242
11198710183
1000701200810159
1001501199613040
1001501200712446
1000701198510206
1001501199611425
1000701200910160
1001501200311595
1001501199111265
1001501199613242
11198710183
1000701200810159
1001501199613040
1001501200712446
1000701198510206
1001501199611425
1000701200910160
1001501200311595
1001501199111265
1001501199613242
11198710183
1000701200810159
1001501199613040
1001501200712446
